600 1200
0 1
0 2
0 3
0 4
1 5
1 6
1 7
2 8
2 9
2 10
3 11
3 12
3 13
4 14
4 15
4 16
5 8
5 17
5 18
6 11
6 19
6 20
7 14
7 21
7 22
8 23
8 24
9 12
9 25
9 26
10 15
10 27
10 28
11 29
11 30
12 31
12 32
13 16
13 33
13 34
14 35
14 36
15 37
15 38
16 39
16 40
17 19
17 41
17 42
18 21
18 43
18 44
19 45
19 46
20 22
20 47
20 48
21 49
21 50
22 51
22 52
23 25
23 41
23 53
24 27
24 43
24 54
25 55
25 56
26 28
26 57
26 58
27 59
27 60
28 61
28 62
29 31
29 45
29 63
30 33
30 47
30 64
31 55
31 65
32 34
32 57
32 66
33 67
33 68
34 69
34 70
35 37
35 49
35 71
36 39
36 51
36 72
37 59
37 73
38 40
38 61
38 74
39 67
39 75
40 69
40 76
41 77
41 78
42 44
42 79
42 80
43 81
43 82
44 83
44 84
45 77
45 85
46 48
46 79
46 86
47 87
47 88
48 89
48 90
49 81
49 91
50 52
50 83
50 92
51 87
51 93
52 89
52 94
53 54
53 95
53 96
54 97
54 98
55 77
55 99
56 58
56 95
56 100
57 101
57 102
58 103
58 104
59 81
59 105
60 62
60 97
60 106
61 101
61 107
62 103
62 108
63 64
63 109
63 110
64 111
64 112
65 66
65 109
65 113
66 114
66 115
67 87
67 116
68 70
68 111
68 117
69 101
69 118
70 114
70 119
71 72
71 120
71 121
72 122
72 123
73 74
73 120
73 124
74 125
74 126
75 76
75 122
75 127
76 125
76 128
77 129
78 80
78 96
78 130
79 131
79 132
80 133
80 134
81 135
82 84
82 98
82 136
83 131
83 137
84 133
84 138
85 86
85 110
85 139
86 140
86 141
87 142
88 90
88 112
88 143
89 131
89 144
90 140
90 145
91 92
91 121
91 146
92 147
92 148
93 94
93 123
93 149
94 147
94 150
95 151
95 152
96 153
96 154
97 151
97 155
98 153
98 156
99 100
99 113
99 157
100 158
100 159
101 160
102 104
102 115
102 161
103 151
103 162
104 158
104 163
105 106
105 124
105 164
106 165
106 166
107 108
107 126
107 167
108 165
108 168
109 169
109 170
110 171
110 172
111 169
111 173
112 171
112 174
113 175
113 176
114 169
114 177
115 175
115 178
116 117
116 127
116 179
117 180
117 181
118 119
118 128
118 182
119 180
119 183
120 184
120 185
121 186
121 187
122 184
122 188
123 186
123 189
124 190
124 191
125 184
125 192
126 190
126 193
127 194
127 195
128 194
128 196
129 130
129 139
129 157
130 197
130 198
131 199
132 134
132 141
132 200
133 153
133 201
134 197
134 202
135 136
135 146
135 164
136 203
136 204
137 138
137 148
137 205
138 203
138 206
139 207
139 208
140 171
140 209
141 207
141 210
142 143
142 149
142 179
143 211
143 212
144 145
144 150
144 213
145 211
145 214
146 215
146 216
147 186
147 217
148 215
148 218
149 219
149 220
150 219
150 221
151 222
152 154
152 159
152 223
153 224
154 198
154 225
155 156
155 166
155 226
156 204
156 227
157 228
157 229
158 175
158 230
159 228
159 231
160 161
160 167
160 182
161 232
161 233
162 163
162 168
162 234
163 232
163 235
164 236
164 237
165 190
165 238
166 236
166 239
167 240
167 241
168 240
168 242
169 243
170 172
170 176
170 244
171 245
172 208
172 246
173 174
173 181
173 247
174 212
174 248
175 249
176 229
176 250
177 178
177 183
177 251
178 233
178 252
179 253
179 254
180 194
180 255
181 253
181 256
182 257
182 258
183 257
183 259
184 260
185 187
185 191
185 261
186 262
187 216
187 263
188 189
188 195
188 264
189 220
189 265
190 266
191 237
191 267
192 193
192 196
192 268
193 241
193 269
194 270
195 254
195 271
196 258
196 272
197 207
197 273
198 228
198 274
199 200
199 205
199 213
200 275
200 276
201 202
201 206
201 277
202 275
202 278
203 215
203 279
204 236
204 280
205 281
205 282
206 281
206 283
207 284
208 229
208 285
209 210
209 214
209 286
210 276
210 287
211 219
211 288
212 253
212 289
213 290
213 291
214 290
214 292
215 293
216 237
216 294
217 218
217 221
217 295
218 282
218 296
219 297
220 254
220 298
221 291
221 299
222 223
222 226
222 234
223 300
223 301
224 225
224 227
224 277
225 300
225 302
226 303
226 304
227 303
227 305
228 306
229 307
230 231
230 235
230 308
231 301
231 309
232 240
232 310
233 257
233 311
234 312
234 313
235 312
235 314
236 315
237 316
238 239
238 242
238 317
239 304
239 318
240 319
241 258
241 320
242 313
242 321
243 244
243 247
243 251
244 322
244 323
245 246
245 248
245 286
246 322
246 324
247 325
247 326
248 325
248 327
249 250
249 252
249 308
250 323
250 328
251 329
251 330
252 329
252 331
253 332
254 333
255 256
255 259
255 334
256 326
256 335
257 336
258 337
259 330
259 338
260 261
260 264
260 268
261 339
261 340
262 263
262 265
262 295
263 339
263 341
264 342
264 343
265 342
265 344
266 267
266 269
266 317
267 340
267 345
268 346
268 347
269 346
269 348
270 271
270 272
270 334
271 343
271 349
272 347
272 350
273 274
273 278
273 351
274 302
274 352
275 281
275 353
276 290
276 354
277 355
277 356
278 355
278 357
279 280
279 283
279 358
280 305
280 359
281 360
282 291
282 361
283 356
283 362
284 285
284 287
284 351
285 324
285 363
286 364
286 365
287 364
287 366
288 289
288 292
288 367
289 327
289 368
290 369
291 370
292 365
292 371
293 294
293 296
293 358
294 341
294 372
295 373
295 374
296 373
296 375
297 298
297 299
297 367
298 344
298 376
299 374
299 377
300 303
300 378
301 312
301 379
302 355
302 380
303 381
304 313
304 382
305 356
305 383
306 307
306 309
306 352
307 328
307 363
308 384
308 385
309 384
309 386
310 311
310 314
310 387
311 331
311 388
312 389
313 390
314 385
314 391
315 316
315 318
315 359
316 345
316 372
317 392
317 393
318 392
318 394
319 320
319 321
319 387
320 348
320 395
321 393
321 396
322 325
322 397
323 329
323 398
324 364
324 399
325 400
326 330
326 401
327 365
327 402
328 384
328 403
329 404
330 405
331 385
331 406
332 333
332 335
332 368
333 349
333 376
334 407
334 408
335 407
335 409
336 337
336 338
336 388
337 350
337 395
338 408
338 410
339 342
339 411
340 346
340 412
341 373
341 413
342 414
343 347
343 415
344 374
344 416
345 392
345 417
346 418
347 419
348 393
348 420
349 407
349 421
350 408
350 422
351 423
351 424
352 423
352 425
353 354
353 357
353 426
354 366
354 427
355 428
356 429
357 424
357 430
358 431
358 432
359 431
359 433
360 361
360 362
360 426
361 375
361 434
362 432
362 435
363 423
363 436
364 437
365 438
366 424
366 439
367 440
367 441
368 440
368 442
369 370
369 371
369 427
370 377
370 434
371 441
371 443
372 431
372 444
373 445
374 446
375 432
375 447
376 440
376 448
377 441
377 449
378 379
378 380
378 450
379 386
379 451
380 425
380 452
381 382
381 383
381 450
382 394
382 453
383 433
383 454
384 455
385 456
386 425
386 457
387 458
387 459
388 458
388 460
389 390
389 391
389 451
390 396
390 453
391 459
391 461
392 462
393 463
394 433
394 464
395 458
395 465
396 459
396 466
397 398
397 399
397 467
398 403
398 468
399 436
399 469
400 401
400 402
400 467
401 409
401 470
402 442
402 471
403 436
403 472
404 405
404 406
404 468
405 410
405 470
406 460
406 473
407 474
408 475
409 442
409 476
410 460
410 477
411 412
411 413
411 478
412 417
412 479
413 444
413 480
414 415
414 416
414 478
415 421
415 481
416 448
416 482
417 444
417 483
418 419
418 420
418 479
419 422
419 481
420 465
420 484
421 448
421 485
422 465
422 486
423 487
424 488
425 489
426 490
426 491
427 490
427 492
428 429
428 430
428 452
429 435
429 454
430 491
430 493
431 494
432 495
433 496
434 490
434 497
435 491
435 498
436 499
437 438
437 439
437 469
438 443
438 471
439 492
439 500
440 501
441 502
442 503
443 492
443 504
444 505
445 446
445 447
445 480
446 449
446 482
447 497
447 506
448 507
449 497
449 508
450 509
450 510
451 509
451 511
452 510
452 512
453 509
453 513
454 510
454 514
455 456
455 457
455 472
456 461
456 473
457 511
457 515
458 516
459 517
460 518
461 511
461 519
462 463
462 464
462 483
463 466
463 484
464 513
464 520
465 521
466 513
466 522
467 523
467 524
468 523
468 525
469 524
469 526
470 523
470 527
471 524
471 528
472 525
472 529
473 525
473 530
474 475
474 476
474 485
475 477
475 486
476 527
476 531
477 527
477 532
478 533
478 534
479 533
479 535
480 534
480 536
481 533
481 537
482 534
482 538
483 535
483 539
484 535
484 540
485 537
485 541
486 537
486 542
487 488
487 489
487 499
488 493
488 500
489 512
489 515
490 543
491 544
492 545
493 512
493 546
494 495
494 496
494 505
495 498
495 506
496 514
496 520
497 547
498 514
498 548
499 526
499 529
500 526
500 549
501 502
501 503
501 507
502 504
502 508
503 528
503 531
504 528
504 550
505 536
505 539
506 536
506 551
507 538
507 541
508 538
508 552
509 553
510 554
511 555
512 556
513 557
514 558
515 529
515 559
516 517
516 518
516 521
517 519
517 522
518 530
518 532
519 530
519 560
520 539
520 561
521 540
521 542
522 540
522 562
523 563
524 564
525 565
526 566
527 567
528 568
529 569
530 570
531 541
531 571
532 542
532 572
533 573
534 574
535 575
536 576
537 577
538 578
539 579
540 580
541 581
542 582
543 544
543 545
543 547
544 546
544 548
545 549
545 550
546 549
546 583
547 551
547 552
548 551
548 584
549 585
550 552
550 586
551 587
552 588
553 554
553 555
553 557
554 556
554 558
555 559
555 560
556 559
556 583
557 561
557 562
558 561
558 584
559 589
560 562
560 590
561 591
562 592
563 564
563 565
563 567
564 566
564 568
565 569
565 570
566 569
566 585
567 571
567 572
568 571
568 586
569 589
570 572
570 590
571 593
572 594
573 574
573 575
573 577
574 576
574 578
575 579
575 580
576 579
576 587
577 581
577 582
578 581
578 588
579 591
580 582
580 592
581 593
582 594
583 584
583 595
584 596
585 586
585 595
586 597
587 588
587 596
588 597
589 590
589 595
590 598
591 592
591 596
592 598
593 594
593 597
594 598
595 599
596 599
597 599
598 599

