300 600
0 1
0 2
0 4
0 20
1 3
1 5
1 21
2 6
2 8
2 22
3 6
3 9
3 23
4 7
4 10
4 24
5 7
5 11
5 25
6 12
6 26
7 13
7 27
8 10
8 14
8 28
9 11
9 15
9 29
10 16
10 30
11 17
11 31
12 14
12 15
12 32
13 16
13 17
13 33
14 18
14 34
15 19
15 35
16 18
16 36
17 19
17 37
18 19
18 38
19 39
20 40
20 41
20 43
21 40
21 42
21 44
22 41
22 45
22 49
23 42
23 46
23 50
24 43
24 47
24 51
25 44
25 48
25 52
26 45
26 46
26 53
27 47
27 48
27 56
28 49
28 54
28 57
29 50
29 55
29 58
30 51
30 54
30 59
31 52
31 55
31 60
32 53
32 61
32 62
33 56
33 63
33 64
34 57
34 61
34 65
35 58
35 62
35 66
36 59
36 63
36 67
37 60
37 64
37 68
38 65
38 67
38 69
39 66
39 68
39 69
40 70
40 71
41 72
41 78
42 73
42 79
43 74
43 80
44 75
44 81
45 76
45 88
46 77
46 89
47 82
47 92
48 83
48 93
49 84
49 94
50 85
50 95
51 86
51 96
52 87
52 97
53 98
53 99
54 90
54 108
55 91
55 109
56 100
56 101
57 102
57 112
58 103
58 113
59 104
59 114
60 105
60 115
61 106
61 116
62 107
62 117
63 110
63 122
64 111
64 123
65 118
65 124
66 119
66 125
67 120
67 126
68 121
68 127
69 128
69 129
70 72
70 73
70 130
71 74
71 75
71 131
72 76
72 132
73 77
73 133
74 82
74 134
75 83
75 135
76 77
76 140
77 141
78 80
78 84
78 136
79 81
79 85
79 137
80 86
80 138
81 87
81 139
82 83
82 142
83 143
84 90
84 146
85 91
85 147
86 90
86 148
87 91
87 149
88 94
88 98
88 144
89 95
89 99
89 145
90 156
91 157
92 96
92 100
92 150
93 97
93 101
93 151
94 102
94 152
95 103
95 153
96 104
96 154
97 105
97 155
98 106
98 158
99 107
99 159
100 110
100 160
101 111
101 161
102 106
102 164
103 107
103 165
104 110
104 166
105 111
105 167
106 168
107 169
108 112
108 114
108 162
109 113
109 115
109 163
110 174
111 175
112 118
112 170
113 119
113 171
114 120
114 172
115 121
115 173
116 117
116 124
116 176
117 125
117 177
118 120
118 180
119 121
119 181
120 182
121 183
122 123
122 126
122 178
123 127
123 179
124 128
124 184
125 128
125 185
126 129
126 186
127 129
127 187
128 188
129 189
130 131
130 190
130 191
131 192
131 193
132 136
132 190
132 196
133 137
133 191
133 197
134 138
134 192
134 198
135 139
135 193
135 199
136 194
136 201
137 195
137 202
138 194
138 203
139 195
139 204
140 144
140 196
140 200
141 145
141 197
141 200
142 150
142 198
142 205
143 151
143 199
143 205
144 206
144 210
145 207
145 211
146 152
146 201
146 212
147 153
147 202
147 213
148 154
148 203
148 214
149 155
149 204
149 215
150 208
150 216
151 209
151 217
152 206
152 218
153 207
153 219
154 208
154 220
155 209
155 221
156 162
156 212
156 214
157 163
157 213
157 215
158 159
158 210
158 222
159 211
159 223
160 161
160 216
160 228
161 217
161 229
162 224
162 226
163 225
163 227
164 170
164 218
164 230
165 171
165 219
165 231
166 172
166 220
166 232
167 173
167 221
167 233
168 176
168 222
168 230
169 177
169 223
169 231
170 224
170 235
171 225
171 236
172 226
172 237
173 227
173 238
174 178
174 228
174 232
175 179
175 229
175 233
176 234
176 240
177 234
177 241
178 239
178 242
179 239
179 243
180 184
180 235
180 244
181 185
181 236
181 245
182 186
182 237
182 244
183 187
183 238
183 245
184 240
184 246
185 241
185 247
186 242
186 248
187 243
187 249
188 189
188 246
188 247
189 248
189 249
190 250
190 270
191 251
191 271
192 250
192 272
193 251
193 273
194 250
194 279
195 251
195 280
196 252
196 274
197 253
197 275
198 254
198 276
199 255
199 277
200 256
200 278
201 252
201 282
202 253
202 283
203 254
203 284
204 255
204 285
205 257
205 281
206 252
206 290
207 253
207 291
208 254
208 292
209 255
209 293
210 256
210 294
211 256
211 295
212 258
212 286
213 259
213 287
214 260
214 288
215 261
215 289
216 257
216 296
217 257
217 297
218 258
218 298
219 259
219 299
220 260
220 299
221 261
221 298
222 262
222 297
223 262
223 296
224 258
224 289
225 259
225 288
226 260
226 287
227 261
227 286
228 263
228 295
229 263
229 294
230 264
230 293
231 265
231 292
232 266
232 291
233 267
233 290
234 262
234 281
235 264
235 285
236 265
236 284
237 266
237 283
238 267
238 282
239 263
239 278
240 264
240 277
241 265
241 276
242 266
242 275
243 267
243 274
244 268
244 280
245 269
245 279
246 268
246 273
247 269
247 272
248 268
248 271
249 269
249 270
250 269
251 268
252 267
253 266
254 265
255 264
256 263
257 262
258 261
259 260
270 271
270 274
271 275
272 273
272 276
273 277
274 278
275 278
276 281
277 281
279 282
279 284
280 283
280 285
282 286
283 287
284 288
285 289
286 288
287 289
290 294
290 298
291 295
291 299
292 296
292 299
293 297
293 298
294 297
295 296