2239 6432
1 0
3 2
4 0
5 4
6 0
7 5
8 7
9 1
10 7
10 9
12 11
14 13
16 15
18 17
19 0
19 1
19 6
20 15
21 0
21 9
21 19
22 9
24 9
24 23
25 9
27 26
28 1
28 10
28 21
28 22
28 25
29 12
30 27
31 15
32 1
32 5
32 6
32 8
32 10
32 13
32 27
33 32
35 34
36 9
36 28
37 1
37 6
37 9
37 21
37 22
37 24
37 28
38 26
38 30
38 32
40 39
41 9
41 28
42 26
42 30
42 32
43 32
44 43
45 13
46 45
47 26
47 27
47 30
47 32
47 38
47 42
48 7
48 9
48 19
48 23
48 32
48 37
49 8
49 16
49 21
50 25
50 30
50 43
50 47
51 4
51 32
51 50
53 52
54 9
54 28
55 26
55 27
55 38
55 42
55 47
56 48
56 51
57 56
58 15
60 59
61 26
61 30
61 32
61 47
61 55
62 45
63 2
63 62
65 7
65 34
65 64
67 23
67 66
69 68
70 22
71 13
71 37
71 70
72 1
72 5
72 8
72 27
72 30
72 40
72 47
72 51
72 63
72 65
73 32
73 72
74 48
74 57
75 2
75 37
75 74
76 13
76 57
77 57
77 63
77 75
77 76
78 26
78 30
78 47
78 55
79 10
79 25
79 41
79 52
79 54
80 37
81 26
81 30
81 47
81 55
82 52
83 13
84 32
84 72
84 83
86 85
88 87
89 1
89 6
89 8
89 16
89 21
89 63
89 75
91 17
91 63
91 72
91 75
91 90
92 72
93 92
94 8
94 16
94 21
94 61
94 63
94 75
95 32
95 83
95 89
95 94
96 32
96 43
97 13
98 9
98 28
98 79
99 84
100 1
100 6
100 21
100 75
101 26
101 30
101 47
101 55
102 5
104 72
104 103
105 26
106 9
106 23
106 32
106 50
106 66
106 70
107 37
107 89
108 9
108 28
109 0
109 9
109 37
109 48
109 77
110 109
111 9
112 74
113 9
113 28
113 79
114 9
114 28
114 79
115 15
116 13
117 77
117 89
117 91
117 94
117 116
118 23
118 57
119 49
119 94
119 118
120 9
120 37
121 7
121 13
121 23
121 32
121 50
121 66
121 67
122 32
122 43
122 72
122 96
123 1
123 7
123 10
123 30
123 72
123 92
123 93
123 104
124 72
124 93
124 94
124 123
125 7
125 89
126 72
126 92
127 72
127 126
128 7
128 8
128 13
128 27
128 30
128 42
128 44
128 47
128 61
128 65
128 101
128 104
128 106
128 121
128 122
129 32
129 72
129 116
129 123
129 128
130 0
130 37
131 44
132 131
133 10
133 25
133 37
133 48
133 108
134 7
134 100
135 13
135 116
136 8
136 13
136 16
136 27
136 46
136 95
137 136
138 13
138 121
139 26
140 9
140 28
140 79
140 133
141 68
143 9
143 32
143 142
144 26
144 27
144 30
144 32
144 42
144 47
144 55
144 78
144 81
144 97
144 101
145 72
145 89
145 94
146 0
146 37
146 77
146 100
146 118
146 145
147 18
147 69
148 9
148 28
148 79
148 133
149 4
149 50
149 51
149 116
149 131
150 8
150 27
150 61
150 75
151 7
151 150
152 45
152 62
152 147
153 152
154 32
154 134
155 154
156 26
156 30
156 47
156 55
156 144
157 17
158 1
158 5
158 6
158 10
158 13
158 21
158 42
158 44
158 47
158 57
158 65
158 73
158 95
158 106
158 118
158 144
158 156
159 158
160 9
160 28
160 79
160 133
161 37
161 144
162 0
162 4
162 83
162 109
162 123
162 124
162 161
163 32
163 50
163 72
163 103
163 123
163 128
163 158
164 32
164 72
164 83
164 116
164 128
164 150
165 0
165 19
165 37
165 89
165 100
166 72
166 126
167 7
167 43
167 65
167 72
167 106
167 116
167 121
167 158
167 163
168 158
168 167
169 128
169 150
170 4
171 5
171 6
171 8
171 42
171 44
171 134
171 137
171 162
172 171
173 37
173 75
174 61
174 91
175 128
175 174
176 9
176 37
176 79
177 123
178 173
179 13
179 121
181 89
181 180
182 9
182 79
183 86
184 23
184 37
185 183
186 9
186 37
187 109
188 7
188 89
188 94
189 7
189 49
189 131
191 190
192 9
192 28
192 94
193 32
193 66
193 123
194 59
194 123
196 9
196 195
197 106
197 143
197 167
197 181
197 196
198 23
198 32
198 66
198 72
198 128
198 158
198 197
199 9
199 79
199 136
200 16
200 48
200 61
200 63
200 75
200 95
201 49
201 77
201 89
201 94
201 200
202 61
202 95
202 134
202 188
202 189
202 201
203 62
203 94
203 200
203 202
204 10
204 13
204 38
204 134
204 189
204 191
204 193
205 43
206 9
206 142
207 28
207 37
208 9
208 28
208 79
208 112
208 133
209 5
209 51
209 170
210 32
210 83
210 109
210 123
210 152
210 158
210 197
210 204
211 32
212 5
212 6
212 8
212 19
212 95
212 97
212 124
212 189
213 32
213 150
214 50
215 214
216 123
217 32
217 33
217 123
217 216
218 26
218 30
218 32
218 47
218 55
218 144
219 15
219 55
219 65
220 174
221 173
222 7
222 49
222 52
222 77
222 89
222 94
222 136
222 200
222 212
224 94
224 223
225 4
225 32
225 50
225 51
225 158
225 204
226 1
226 5
226 8
226 9
226 104
226 129
226 144
227 226
228 9
228 37
229 217
230 47
230 94
230 200
230 202
232 9
232 133
232 231
233 89
234 164
234 212
235 123
235 234
236 9
236 28
236 79
236 133
237 90
238 8
238 16
238 95
238 112
238 134
238 152
238 196
238 222
239 238
240 9
240 28
241 7
241 128
241 135
242 93
243 242
244 32
244 50
244 72
244 126
244 154
244 167
244 183
244 204
245 42
245 84
246 77
246 89
248 247
249 23
249 50
249 158
249 197
250 9
251 37
251 52
251 74
251 89
251 94
251 158
251 200
252 72
252 89
253 8
253 42
253 51
253 73
253 104
253 124
253 129
253 164
254 32
254 72
254 123
254 128
254 253
255 52
255 82
256 154
257 93
258 7
258 49
258 131
258 212
259 7
259 32
259 49
259 89
259 94
259 136
259 212
260 9
260 28
260 79
260 133
261 65
261 106
261 223
262 261
263 35
264 32
264 56
264 72
264 253
265 9
265 28
265 79
266 32
266 63
266 72
266 86
266 102
266 129
266 134
266 145
266 226
266 244
266 246
266 251
266 253
267 32
267 49
267 89
267 94
267 102
267 123
267 136
267 150
267 174
267 202
267 212
268 146
268 207
268 231
268 232
269 214
270 50
270 51
270 72
270 128
271 223
273 272
274 37
275 231
275 268
276 89
278 277
279 154
281 32
281 50
281 280
282 72
282 126
283 8
283 16
283 21
283 63
283 95
283 119
283 134
283 165
283 189
283 202
283 222
283 246
283 258
283 259
283 267
284 9
284 28
284 79
284 133
285 4
285 32
285 50
285 51
285 72
285 128
286 7
286 50
286 51
286 56
286 83
286 158
286 167
286 216
287 190
289 288
291 290
292 7
292 32
292 74
292 123
292 158
292 204
292 253
293 72
293 106
294 32
294 74
294 77
294 109
294 112
294 128
294 145
294 197
294 293
295 49
295 94
295 102
295 123
295 150
295 193
295 226
296 9
296 28
296 50
297 7
297 32
297 50
297 167
297 171
298 4
298 50
298 51
298 72
298 128
298 158
299 37
300 50
300 128
300 174
301 84
302 22
302 36
302 300
303 15
303 102
303 128
303 136
303 226
303 283
304 303
305 39
305 150
306 197
306 231
306 268
308 307
309 308
310 56
310 77
310 118
310 131
310 200
311 6
311 49
311 63
311 75
311 95
311 117
311 134
311 143
311 189
311 201
311 222
311 259
311 266
311 295
312 9
312 28
312 79
312 133
313 294
314 128
314 313
315 32
315 66
315 70
315 72
315 112
315 123
315 128
315 180
315 197
315 293
315 309
316 310
317 316
318 159
318 266
318 280
319 318
321 320
322 7
322 32
322 74
322 123
322 128
322 167
322 238
322 253
323 320
325 324
326 95
327 94
327 223
328 26
328 30
328 32
328 47
328 72
328 158
329 216
329 217
330 94
330 223
332 331
333 7
333 49
333 72
333 94
333 128
333 131
333 167
333 212
333 238
334 218
335 334
336 5
336 30
336 162
336 315
337 336
338 32
338 72
338 123
338 288
338 289
338 295
339 338
341 102
341 174
341 196
341 197
341 238
341 340
342 9
342 341
343 196
343 266
344 171
345 40
345 91
346 72
346 126
347 150
347 169
347 203
348 26
348 30
348 32
348 47
348 55
348 144
348 334
349 7
349 32
349 72
349 123
349 128
349 336
350 349
351 17
351 102
352 9
352 56
352 195
352 197
352 238
352 302
352 341
352 343
352 351
353 109
354 5
354 6
354 8
354 13
354 27
354 30
354 38
354 40
354 44
354 47
354 65
354 81
354 95
354 96
354 101
354 104
354 121
354 122
354 129
354 134
354 144
354 163
354 164
354 175
354 193
354 198
354 210
354 225
354 244
354 254
354 266
354 270
354 286
354 297
354 300
354 312
354 315
354 322
354 328
354 338
354 348
355 7
355 49
355 89
355 94
355 150
355 171
355 204
355 238
355 266
355 307
355 311
355 354
356 338
357 231
357 268
358 8
358 47
358 72
358 123
358 129
358 177
358 259
358 267
358 270
358 292
359 2
359 11
359 49
359 72
359 89
359 94
359 102
359 123
359 128
359 136
359 158
359 171
359 200
359 238
359 354
360 89
360 136
360 311
361 173
361 202
361 283
361 333
363 289
363 362
364 9
364 79
365 32
365 50
365 56
365 83
365 91
365 112
365 136
365 158
365 354
366 152
367 89
368 7
368 52
368 72
368 89
368 94
368 128
368 150
368 311
368 336
368 354
368 358
369 9
369 28
370 32
370 89
370 109
370 293
370 354
371 214
372 303
373 216
373 217
374 13
374 121
375 85
375 118
375 183
375 266
376 96
377 69
377 152
378 32
378 123
378 354
379 378
381 380
382 72
382 238
382 313
383 382
384 377
385 2
385 9
385 28
385 79
386 32
386 37
386 50
386 74
386 94
386 128
386 158
386 204
386 354
387 37
388 56
388 101
388 106
388 162
388 322
389 313
389 354
390 9
390 56
390 112
390 200
391 219
391 318
392 338
393 15
394 55
394 341
395 37
395 173
396 49
396 77
396 89
396 94
396 150
396 200
396 238
396 283
397 75
397 167
398 397
399 15
399 32
399 47
399 50
399 70
399 72
399 147
399 180
399 197
399 226
399 293
399 354
400 84
402 401
403 91
404 195
404 238
404 351
405 238
406 126
407 9
407 28
407 79
407 133
408 317
409 408
411 410
412 26
412 30
412 32
412 47
412 55
412 128
413 94
413 223
414 345
415 32
415 45
415 50
415 128
415 204
416 0
416 4
416 83
416 124
416 161
417 261
418 32
418 72
418 123
418 128
418 131
418 354
419 4
419 32
419 50
419 72
419 103
419 128
419 226
419 388
420 9
420 79
421 32
421 72
421 123
421 313
421 354
422 50
422 174
423 4
423 89
423 94
423 200
423 311
424 9
424 28
424 37
424 197
425 32
425 72
425 112
425 123
425 128
425 354
426 13
426 128
426 149
426 219
427 180
428 317
428 373
429 174
430 52
430 202
431 2
431 7
431 49
431 52
431 77
431 89
431 94
431 136
431 158
431 200
431 202
431 266
431 283
431 311
432 37
432 50
432 70
433 9
433 37
433 133
433 173
434 32
434 50
434 72
434 91
434 123
434 128
434 174
434 226
434 388
435 7
435 50
435 51
435 72
435 83
435 128
435 167
435 197
435 253
435 336
435 354
435 358
436 37
436 109
437 9
437 28
438 32
438 49
438 72
438 94
438 126
438 128
438 238
438 253
438 283
439 92
439 93
439 124
439 128
439 226
439 242
440 4
440 9
440 32
440 109
440 128
440 158
440 295
440 303
440 354
441 50
441 198
441 249
441 281
441 315
441 355
441 359
441 399
441 418
441 421
441 425
441 440
442 441
443 72
443 142
444 32
444 102
444 131
445 131
446 217
446 373
447 303
447 368
447 373
447 428
447 446
448 32
448 50
448 72
448 123
448 128
448 203
448 204
448 222
448 333
448 334
448 336
448 354
448 388
449 400
449 448
450 9
450 28
450 79
451 128
451 231
451 268
452 11
454 354
454 453
455 263
456 361
457 50
457 354
458 32
458 72
458 158
458 226
458 336
459 9
460 124
460 196
460 320
460 352
461 217
462 259
462 266
463 4
463 50
463 51
463 123
463 158
463 167
463 354
464 4
464 209
465 9
465 37
465 79
466 7
466 128
466 198
466 206
466 257
466 315
466 420
467 50
467 72
467 128
467 336
467 354
467 441
468 65
469 219
469 226
469 238
469 354
470 226
470 469
471 32
471 123
471 128
471 211
472 9
472 28
472 46
472 189
472 222
472 286
472 297
472 333
472 431
473 84
474 473
475 7
475 76
475 167
475 472
476 167
476 207
476 289
476 432
477 9
477 37
478 268
479 4
479 112
479 209
479 269
479 336
479 354
480 72
480 126
481 190
482 7
482 94
483 32
483 50
483 97
483 116
483 123
483 128
483 320
483 441
484 0
485 7
485 49
485 77
485 83
485 94
485 102
485 123
485 135
485 167
485 200
485 212
485 280
485 283
485 311
486 32
486 123
486 128
486 211
486 226
486 231
486 354
487 486
488 2
488 49
488 94
488 266
488 283
488 307
489 313
489 336
489 354
489 407
490 23
490 66
490 89
490 150
490 197
490 283
491 293
492 468
493 349
494 8
494 10
494 24
494 42
494 101
494 104
494 125
494 129
494 259
494 292
494 322
494 438
494 458
495 268
496 47
496 162
496 163
496 193
496 352
496 416
497 180
497 197
498 2
498 7
498 32
498 49
498 77
498 89
498 94
498 102
498 136
498 200
498 202
498 212
498 311
499 16
499 47
499 104
499 106
499 129
499 164
499 184
499 187
499 245
499 270
499 365
499 399
499 435
499 440
499 455
500 32
500 72
500 126
500 128
500 154
500 167
500 253
500 354
500 358
501 7
501 32
501 49
501 70
501 94
501 116
501 128
501 202
501 283
501 311
501 361
501 494
501 499
502 6
502 24
502 48
502 75
502 217
502 447
503 223
503 271
504 30
504 38
504 61
504 124
504 149
504 156
504 163
504 167
504 198
504 218
504 225
504 281
504 319
504 349
504 370
504 375
504 386
504 399
504 415
504 419
504 421
504 425
504 432
504 435
504 436
504 483
504 500
505 32
505 72
505 128
505 504
506 32
506 50
506 70
506 123
506 204
506 293
506 441
506 504
507 94
507 200
507 283
507 311
508 231
509 66
510 66
510 509
511 4
511 32
511 49
511 74
511 77
511 94
511 109
511 112
511 128
511 158
511 202
511 245
511 303
511 354
511 472
511 496
511 499
512 32
512 72
512 123
512 128
512 158
512 167
512 226
512 334
512 354
512 358
512 388
513 7
513 26
513 30
513 47
513 72
514 32
514 50
514 66
514 70
514 128
514 180
514 197
514 336
514 441
514 466
516 515
517 118
517 158
518 171
519 154
520 118
520 499
521 9
521 102
522 32
522 469
523 313
523 382
524 161
524 334
524 354
524 499
525 87
525 234
525 261
525 277
525 295
525 524
526 50
526 102
526 123
526 128
526 131
526 226
526 245
526 354
526 441
527 72
527 234
527 316
528 123
529 9
529 28
529 302
530 4
530 49
530 94
530 212
531 49
531 72
531 94
531 128
531 212
531 283
532 485
533 32
533 47
533 89
533 94
533 102
533 174
533 190
533 200
533 202
533 226
533 283
533 311
533 532
534 117
534 171
534 246
535 534
536 76
536 77
537 1
537 47
537 95
537 119
537 183
537 222
537 252
537 295
537 360
537 431
537 485
538 72
538 89
538 91
538 102
538 128
538 136
538 150
538 537
539 13
539 32
539 50
539 70
539 102
539 150
539 180
539 197
539 354
539 441
539 466
539 504
539 532
540 15
540 32
540 50
540 66
540 70
540 116
540 133
540 158
540 180
540 197
540 263
540 293
540 441
541 226
541 441
541 466
541 504
542 190
543 37
545 94
545 131
545 136
545 200
545 202
545 238
545 311
545 462
545 537
545 544
546 476
548 547
549 49
549 77
549 89
549 128
549 200
549 266
549 354
550 7
550 49
550 89
550 123
550 212
550 324
550 361
550 509
550 537
551 117
551 121
551 203
551 359
551 498
551 545
552 152
553 552
554 91
554 150
554 154
554 311
555 216
555 317
556 9
556 144
556 329
556 442
556 449
557 289
558 66
558 89
558 126
558 154
558 214
558 254
558 375
558 426
558 504
559 11
559 32
559 72
559 116
559 123
559 128
559 158
559 171
559 354
559 441
559 499
561 560
562 9
562 343
562 460
563 32
563 49
563 72
563 123
563 128
563 158
563 226
563 354
563 441
563 494
563 504
564 72
564 358
565 72
565 128
565 167
565 226
565 238
565 354
565 358
565 499
566 7
566 109
566 171
566 354
567 145
567 362
568 43
568 96
569 231
569 268
570 49
570 200
570 238
570 283
571 49
571 97
571 118
571 128
571 200
571 202
571 283
572 1
572 16
572 35
572 62
572 63
572 110
572 145
572 222
572 251
572 267
572 368
572 401
572 423
572 430
572 431
572 490
572 498
572 530
572 550
572 554
573 2
573 4
573 94
573 136
573 150
573 283
573 572
574 74
574 112
575 50
575 123
575 197
575 354
575 441
576 196
576 352
577 483
578 226
578 577
579 7
579 32
579 72
579 123
579 354
579 373
579 400
579 494
579 499
580 197
580 293
581 2
582 77
582 87
582 261
582 581
584 583
585 94
585 131
585 136
585 200
585 202
585 238
585 462
586 50
586 226
586 245
586 336
586 354
586 494
586 496
587 9
587 28
587 79
588 79
588 154
588 261
589 28
589 32
589 133
589 268
589 295
589 336
590 9
590 21
590 28
590 72
590 79
590 131
590 133
590 302
591 13
591 303
592 197
592 238
592 341
592 351
592 496
593 57
593 76
593 77
594 9
594 49
594 66
594 70
594 72
594 79
594 102
594 158
594 180
594 197
594 354
594 441
594 466
595 32
595 50
595 77
595 83
595 123
595 128
595 158
595 211
595 226
595 334
595 354
595 388
595 397
595 441
595 494
596 37
597 352
597 524
598 9
599 32
599 50
599 72
599 123
599 128
599 171
599 494
599 504
600 74
600 89
600 331
601 32
601 50
601 128
601 158
601 354
601 504
601 537
602 47
602 62
602 94
602 144
602 354
603 45
603 202
604 7
604 72
604 128
604 150
604 295
604 354
604 358
604 494
604 504
605 118
605 123
606 142
606 158
606 183
607 345
608 583
610 609
611 552
612 78
612 310
613 581
614 613
615 52
616 7
616 49
616 94
617 70
617 102
617 147
617 426
618 217
618 229
618 329
619 439
620 2
620 72
620 77
620 89
620 128
620 150
620 158
620 200
620 238
620 253
620 354
620 494
621 47
621 77
621 89
621 136
621 150
621 238
621 283
621 311
621 537
622 9
622 57
622 79
622 239
622 617
623 70
623 390
623 622
624 572
625 49
626 277
627 32
627 50
627 70
627 72
627 102
627 112
627 116
627 128
627 161
627 197
627 238
627 311
627 441
628 32
628 55
628 56
628 70
628 123
628 180
628 197
628 204
628 441
628 460
628 496
628 504
629 123
629 146
629 204
629 277
629 293
630 50
630 123
630 226
630 311
630 354
630 373
630 441
630 502
631 7
631 83
631 128
631 197
631 226
631 253
631 293
631 313
631 354
631 441
631 494
632 7
632 32
632 72
632 123
632 128
632 158
632 354
632 496
633 7
634 24
634 286
634 308
634 524
634 585
635 9
635 56
635 197
635 341
635 351
635 460
635 496
635 576
636 150
636 245
636 295
636 397
637 32
637 50
637 70
637 116
637 123
637 167
637 180
637 197
637 204
637 293
637 295
637 388
637 441
638 0
638 23
638 50
638 74
638 76
638 77
638 109
638 126
638 158
638 266
638 313
638 496
639 56
639 109
639 126
639 293
639 313
640 268
641 62
641 83
641 94
641 128
641 200
641 202
641 551
642 0
642 4
642 109
642 112
642 124
642 161
642 193
642 268
643 49
643 85
643 128
643 136
643 147
644 136
645 472
646 56
646 64
646 93
646 150
646 158
646 202
646 217
646 522
647 9
647 28
648 9
648 28
648 79
649 183
650 146
651 146
651 456
651 617
651 650
652 7
652 32
652 49
652 72
652 123
652 128
652 171
652 200
652 226
652 266
652 311
652 324
652 334
652 354
652 499
653 277
654 9
654 79
654 83
654 94
654 150
654 202
654 204
654 400
654 426
655 349
655 354
656 583
657 55
658 286
659 0
659 4
659 502
659 658
660 37
661 79
661 96
661 116
662 136
662 200
662 263
662 462
662 509
663 128
663 183
664 50
664 72
664 128
664 334
664 504
665 476
666 32
666 109
666 126
666 128
666 158
666 293
667 577
668 79
669 331
670 74
670 200
671 43
671 96
672 102
673 32
673 77
673 83
673 97
673 123
673 128
673 150
673 167
673 211
673 226
673 311
673 461
673 537
673 572
674 180
675 32
675 50
675 123
675 128
675 494
676 4
676 32
676 50
676 72
676 116
676 128
676 167
677 32
677 50
677 204
677 245
677 354
678 10
678 32
678 49
678 72
678 128
678 167
678 171
678 322
678 354
678 537
678 622
678 653
678 676
679 52
680 234
681 32
681 37
681 128
681 336
682 150
682 161
683 66
683 70
683 167
683 180
683 293
684 590
685 146
686 173
686 180
687 7
687 32
687 72
687 128
687 171
687 253
687 354
687 499
688 123
689 28
691 7
691 11
691 34
691 94
691 123
691 234
691 266
691 277
691 345
691 499
691 690
692 32
692 50
692 70
692 102
692 123
692 128
692 158
692 180
692 197
692 211
692 311
692 354
693 32
693 128
693 158
693 354
693 382
694 19
694 32
694 37
694 56
694 72
694 112
694 128
694 502
696 50
696 68
696 123
696 128
696 183
696 253
696 293
696 311
696 354
696 362
696 439
696 695
697 362
697 567
698 52
698 309
699 190
699 204
700 32
700 77
700 83
700 123
700 128
700 211
700 226
700 334
700 354
700 388
700 494
701 245
701 266
701 590
702 56
702 59
702 293
702 313
703 118
704 4
705 7
705 72
705 116
705 128
705 167
705 253
705 336
705 354
705 358
705 494
705 496
705 499
705 678
706 26
706 654
707 173
707 231
708 50
708 66
708 70
708 180
708 197
708 293
708 441
708 466
710 709
712 28
712 112
712 193
712 272
712 295
712 634
712 711
713 37
713 112
714 257
715 320
716 234
716 537
717 496
718 334
719 49
719 204
720 251
720 298
720 365
720 639
720 654
720 702
720 712
721 49
721 283
721 572
721 720
722 43
723 123
723 311
724 174
725 24
725 48
725 219
725 270
725 355
725 365
725 565
725 595
725 701
725 712
726 56
726 171
727 116
727 204
728 410
729 486
730 32
730 128
730 729
732 401
732 731
733 32
733 123
733 128
733 158
733 211
733 226
733 354
733 494
734 302
734 354
734 462
735 338
736 290
737 195
738 183
739 311
739 354
739 462
739 522
739 634
740 607
741 202
741 238
741 532
742 56
742 131
742 486
742 720
742 725
743 89
743 214
744 4
744 193
744 268
744 496
745 77
745 97
745 180
745 197
745 231
745 245
745 295
745 302
745 309
745 461
745 466
745 572
745 725
746 556
746 628
747 66
747 158
747 293
747 334
747 354
747 441
747 466
748 214
749 133
749 266
749 311
749 324
749 551
750 167
750 197
750 441
751 23
751 109
752 15
753 32
753 50
753 69
753 72
753 123
753 128
753 158
753 171
753 334
753 354
753 388
754 37
754 89
755 567
756 13
757 112
758 311
759 102
759 123
759 131
759 441
760 56
760 77
760 83
760 92
760 123
760 195
760 200
760 311
760 354
760 537
760 650
761 646
762 72
762 358
763 294
763 666
764 50
764 72
764 128
764 144
764 167
764 226
764 354
764 358
764 499
765 0
765 77
765 83
765 133
765 307
765 382
765 426
765 678
765 711
766 65
766 447
766 448
766 705
766 764
767 64
768 509
769 74
770 8
770 95
770 117
770 134
770 222
770 246
770 267
770 286
770 485
770 498
770 538
770 549
770 554
770 588
770 603
770 621
770 652
770 665
770 749
770 760
771 37
772 9
772 37
772 161
772 316
772 354
772 612
772 623
773 617
774 261
775 197
775 293
776 449
777 49
777 441
777 651
778 266
778 559
778 627
778 639
778 678
779 50
779 72
779 128
779 354
779 388
779 778
780 33
780 56
780 133
780 238
780 380
780 634
781 126
782 64
783 56
784 136
784 283
784 770
785 9
785 89
786 30
786 47
786 55
786 128
787 7
787 49
787 94
787 238
788 109
788 293
788 720
789 229
790 231
790 268
791 118
791 401
792 32
792 50
792 66
792 70
792 123
792 180
792 197
792 354
792 441
792 466
793 7
793 32
793 49
793 128
793 171
793 202
794 439
795 94
795 158
795 238
795 311
795 522
795 532
796 371
797 30
797 72
797 695
798 7
798 49
798 94
798 171
798 212
799 100
800 248
800 701
801 800
802 289
802 525
802 582
802 732
803 268
804 15
804 441
805 371
806 764
807 7
807 50
807 123
807 128
807 158
807 167
807 336
807 388
807 494
807 496
807 623
807 678
807 766
807 806
808 173
809 52
809 202
809 283
809 551
810 45
811 37
812 261
813 47
813 77
813 89
813 150
813 202
813 212
813 283
813 472
813 522
814 121
814 764
815 50
815 123
815 128
815 158
815 167
815 253
815 354
815 496
815 499
815 504
815 678
815 725
815 814
816 84
816 579
817 400
817 816
818 0
818 77
818 94
818 131
818 354
818 763
818 802
819 231
819 268
820 376
822 821
823 695
824 11
824 32
824 50
824 72
824 128
824 158
824 334
824 341
824 354
824 358
824 388
825 32
825 72
825 341
825 354
825 504
826 49
826 109
826 293
827 109
828 434
828 469
829 4
829 109
829 124
829 161
829 193
830 9
830 28
830 79
831 174
832 9
832 238
832 460
832 576
833 76
833 77
833 238
833 532
833 706
834 89
834 94
835 7
835 49
835 89
835 94
835 128
835 136
835 253
835 400
835 494
835 537
836 32
836 123
836 128
836 204
836 211
837 9
837 37
838 7
838 50
838 72
838 128
838 158
838 183
838 226
838 295
838 309
838 334
838 336
838 358
838 388
838 504
838 678
839 32
839 50
839 56
839 66
839 70
839 83
839 118
839 158
839 171
839 293
839 354
839 441
839 466
839 763
839 778
840 52
840 89
840 311
841 245
841 311
842 79
843 9
843 37
843 133
844 234
844 460
845 39
845 123
845 253
845 295
845 354
845 388
845 770
846 446
847 144
847 156
848 102
848 128
848 354
848 441
849 32
849 72
849 123
849 354
849 504
850 9
850 79
851 509
852 180
853 94
853 219
854 338
854 347
854 760
855 121
856 96
857 109
858 773
859 123
860 106
860 198
860 580
860 765
861 696
862 17
862 56
862 92
862 311
862 720
862 861
863 49
863 89
863 94
863 200
863 324
864 468
865 32
865 47
865 50
865 72
865 123
865 128
865 158
865 167
865 211
865 226
865 354
865 504
866 37
867 100
868 100
868 102
868 226
868 280
868 311
868 537
868 697
869 426
870 0
870 102
870 135
870 283
871 7
871 32
871 109
871 133
871 234
871 441
871 446
871 494
872 174
873 89
873 94
873 136
873 200
873 202
873 283
874 50
874 778
875 77
875 124
875 161
875 496
876 10
876 27
876 42
876 106
876 121
876 129
876 163
876 164
876 244
876 292
876 300
876 315
876 322
876 440
876 467
876 512
876 566
876 632
876 652
876 676
876 687
876 838
877 212
877 267
877 295
877 524
877 526
877 617
877 634
878 9
878 180
878 351
879 7
879 19
879 32
879 50
879 72
879 83
879 123
879 150
879 158
879 167
879 441
880 59
880 333
880 485
880 691
881 49
881 94
881 472
882 126
883 515
884 0
885 49
885 212
885 382
886 77
886 83
886 109
886 112
886 116
886 131
886 133
886 382
886 426
886 590
886 725
887 161
888 94
888 173
888 802
889 123
889 537
890 32
890 45
890 50
890 123
890 128
890 158
890 204
890 253
890 334
890 354
890 504
890 806
890 876
891 145
891 582
891 696
891 760
891 868
892 83
892 123
892 238
892 311
892 400
892 551
893 128
893 226
893 283
893 311
893 472
894 32
894 70
894 94
894 167
894 211
895 96
896 217
897 862
897 889
898 468
899 468
900 32
900 47
900 50
900 116
900 123
900 204
900 334
900 336
900 354
900 388
900 876
901 9
901 37
901 109
902 15
902 109
902 180
902 311
902 397
902 476
902 590
902 678
903 34
903 49
903 94
903 102
903 150
903 200
903 202
903 283
903 441
904 311
904 572
904 770
905 245
906 526
906 701
906 765
907 34
907 906
908 7
908 212
908 324
909 62
909 283
910 2
910 7
910 50
910 83
910 94
910 97
910 131
910 150
910 158
910 202
910 238
910 283
910 311
910 380
910 400
910 537
911 9
912 9
912 37
912 79
912 167
912 204
912 293
912 441
912 504
913 509
915 354
915 499
915 914
916 526
916 617
916 654
917 891
918 377
919 462
920 29
921 358
922 56
922 83
922 124
922 158
922 309
923 203
924 47
924 770
925 30
925 47
925 50
925 72
925 83
925 238
925 253
925 354
925 388
925 504
926 341
927 37
927 502
928 49
928 77
928 83
928 94
928 150
928 202
928 212
928 266
928 283
928 456
928 472
928 770
928 880
929 37
929 74
931 7
931 472
931 930
932 770
933 136
934 171
934 197
934 391
935 77
935 154
935 283
935 311
935 551
935 572
936 266
937 37
938 56
938 109
939 7
940 193
940 354
941 32
941 49
941 128
941 212
941 462
941 537
942 352
943 219
944 7
944 49
944 72
944 128
944 158
944 171
944 354
944 876
945 56
945 77
945 200
945 212
945 532
945 697
945 800
946 72
946 123
946 128
947 2
947 77
947 89
947 200
947 283
947 770
948 295
949 7
949 72
949 94
949 150
950 37
951 158
951 204
951 238
951 318
951 354
952 268
953 45
953 245
954 253
955 9
955 28
955 133
956 257
957 23
957 509
958 195
959 28
959 70
959 167
960 448
961 50
961 66
961 70
961 123
961 197
961 293
961 354
961 441
961 860
962 245
963 123
964 32
964 37
964 150
965 9
965 28
965 79
965 133
966 37
966 193
967 180
968 180
968 197
969 32
969 50
969 72
969 83
969 123
969 128
969 158
969 171
969 226
969 354
969 388
970 7
970 72
970 128
970 158
970 167
970 354
970 504
970 766
971 32
971 50
971 123
971 128
971 204
971 354
971 504
971 778
972 79
973 496
974 4
974 7
974 50
974 56
974 180
974 334
974 373
974 725
974 876
974 880
975 56
975 576
976 89
976 94
977 32
977 47
977 50
977 72
977 123
977 128
977 226
977 295
977 354
977 388
977 441
978 145
979 180
980 368
981 50
981 66
981 70
981 123
981 128
981 180
981 441
981 466
981 766
982 70
982 72
982 102
982 128
982 197
982 293
982 336
982 354
982 441
983 9
983 79
984 4
985 15
985 50
985 128
985 388
985 494
986 193
987 295
987 980
988 987
989 590
990 37
990 74
991 89
991 91
991 102
991 136
991 537
991 880
992 32
992 66
992 123
992 190
992 226
992 466
993 66
993 70
993 180
993 197
994 261
995 50
995 180
995 231
996 30
996 83
996 150
996 311
996 537
997 32
997 37
997 50
997 72
997 128
997 226
997 388
997 504
997 766
998 336
999 150
1000 28
1000 79
1001 174
1002 15
1003 590
1004 942
1005 710
1006 197
1007 311
1008 83
1008 245
1009 293
1010 56
1010 74
1010 83
1010 150
1010 158
1010 200
1010 245
1010 257
1010 466
1010 720
1011 158
1011 257
1011 499
1012 77
1012 83
1012 94
1012 200
1012 283
1012 311
1012 572
1012 770
1013 32
1013 180
1013 441
1014 806
1015 4
1015 37
1016 77
1017 154
1018 0
1018 37
1018 50
1018 72
1018 123
1018 334
1018 354
1018 634
1019 102
1020 123
1021 400
1022 124
1023 50
1023 72
1023 158
1023 354
1023 358
1023 388
1023 678
1023 814
1024 50
1024 70
1024 102
1024 197
1024 441
1025 7
1025 32
1025 50
1025 72
1025 123
1025 128
1025 167
1025 171
1025 234
1025 336
1025 354
1025 504
1025 876
1026 268
1027 515
1028 460
1029 32
1029 50
1029 72
1029 128
1029 158
1029 167
1029 171
1029 204
1029 226
1029 354
1029 678
1030 524
1030 617
1031 49
1031 83
1031 94
1031 128
1031 135
1031 472
1031 729
1032 30
1032 32
1032 47
1032 72
1032 128
1032 171
1032 226
1032 253
1032 334
1032 336
1032 354
1032 388
1033 66
1034 32
1034 123
1034 211
1034 354
1035 123
1036 9
1037 72
1037 158
1037 238
1037 283
1037 572
1038 17
1039 134
1039 833
1040 89
1041 173
1041 202
1042 100
1042 502
1043 123
1044 9
1044 89
1044 238
1044 283
1045 9
1045 28
1045 79
1046 9
1046 28
1046 133
1047 49
1047 89
1047 212
1047 572
1048 32
1048 83
1048 158
1048 204
1048 354
1049 813
1050 311
1051 1050
1052 9
1052 195
1053 351
1054 32
1054 50
1054 128
1054 158
1054 167
1054 494
1054 634
1054 814
1055 89
1056 318
1056 860
1057 354
1058 56
1058 79
1058 499
1058 720
1059 118
1060 180
1061 7
1061 72
1061 83
1061 283
1061 380
1062 77
1062 83
1062 158
1062 238
1062 380
1062 1039
1063 32
1063 56
1063 118
1063 211
1063 242
1063 373
1063 397
1063 502
1063 577
1064 37
1065 293
1066 7
1066 32
1066 56
1066 74
1066 77
1066 112
1066 123
1066 158
1066 494
1066 678
1067 0
1067 37
1068 37
1068 50
1068 76
1068 77
1068 158
1068 293
1068 354
1068 690
1069 167
1070 695
1071 361
1072 37
1073 74
1073 90
1073 158
1073 720
1074 460
1075 318
1075 951
1076 32
1076 72
1076 128
1076 197
1076 261
1076 293
1076 354
1076 441
1076 504
1077 870
1078 50
1078 70
1078 74
1078 128
1078 167
1078 197
1078 261
1078 313
1078 876
1079 56
1079 158
1079 197
1079 293
1079 466
1079 720
1080 32
1080 49
1080 72
1080 128
1080 283
1080 311
1080 448
1081 158
1082 79
1083 15
1084 623
1085 173
1086 47
1086 123
1086 131
1086 226
1086 354
1086 441
1086 778
1087 50
1087 441
1088 30
1088 32
1088 50
1088 72
1088 128
1088 158
1088 171
1088 204
1088 226
1088 388
1088 766
1088 778
1089 56
1090 15
1091 190
1092 66
1092 123
1092 128
1092 441
1093 9
1093 79
1094 7
1094 49
1094 94
1094 136
1094 200
1094 266
1094 283
1094 311
1095 180
1096 7
1096 11
1096 32
1096 50
1096 72
1096 128
1096 158
1096 167
1096 204
1096 226
1096 253
1096 334
1096 354
1096 504
1097 23
1097 197
1098 123
1099 17
1100 158
1100 806
1101 49
1101 94
1101 200
1101 283
1101 311
1102 48
1102 266
1102 524
1102 701
1102 780
1103 77
1103 118
1103 1030
1104 7
1104 131
1104 311
1104 366
1105 9
1106 15
1106 72
1106 91
1106 537
1107 4
1108 23
1108 56
1108 72
1108 83
1108 109
1108 124
1108 158
1108 161
1108 466
1108 583
1108 608
1108 720
1109 23
1109 32
1109 72
1109 123
1109 158
1109 283
1109 441
1109 466
1110 128
1110 204
1110 226
1110 253
1110 283
1110 311
1110 354
1110 778
1111 32
1111 50
1111 123
1111 128
1111 226
1112 9
1112 28
1113 32
1113 50
1113 72
1113 123
1113 128
1113 171
1113 226
1113 245
1113 336
1113 354
1113 388
1113 634
1113 766
1113 778
1114 263
1115 150
1116 79
1117 293
1118 9
1118 28
1118 302
1119 112
1119 123
1119 128
1119 131
1119 226
1119 295
1119 309
1119 336
1119 441
1120 167
1121 821
1122 32
1122 89
1123 583
1124 49
1124 94
1124 126
1124 128
1124 136
1124 167
1124 202
1124 283
1125 32
1125 50
1125 123
1125 128
1125 211
1126 7
1126 32
1126 89
1126 116
1126 128
1126 150
1126 158
1126 253
1126 336
1126 354
1126 358
1126 494
1126 572
1126 876
1127 4
1128 32
1128 494
1129 697
1130 266
1131 32
1131 123
1131 211
1132 7
1132 9
1132 32
1132 49
1132 74
1132 123
1132 126
1132 202
1132 283
1132 447
1133 150
1133 200
1133 400
1134 400
1135 76
1135 77
1136 295
1137 123
1137 167
1138 9
1138 79
1139 0
1140 91
1140 678
1140 766
1141 7
1141 50
1141 72
1141 94
1141 128
1141 158
1141 167
1141 354
1141 358
1141 426
1142 30
1143 123
1144 66
1144 70
1144 116
1144 197
1144 466
1145 66
1146 37
1147 7
1147 32
1147 50
1147 72
1147 123
1147 128
1147 334
1147 336
1147 402
1147 778
1147 828
1148 2
1148 49
1148 72
1148 77
1148 89
1148 91
1148 102
1148 158
1148 200
1148 212
1148 311
1148 466
1148 494
1148 572
1149 9
1149 28
1149 79
1150 72
1150 89
1150 461
1151 45
1152 37
1153 499
1154 128
1154 391
1155 49
1155 94
1156 1155
1157 386
1157 900
1157 969
1158 94
1159 112
1160 7
1160 50
1160 83
1160 128
1160 354
1161 83
1161 295
1161 338
1161 753
1161 1102
1162 4
1163 0
1163 30
1163 180
1163 289
1163 311
1163 373
1164 253
1164 334
1164 336
1164 354
1164 388
1164 504
1165 154
1166 121
1166 340
1166 426
1166 504
1167 195
1168 49
1168 89
1168 126
1168 238
1169 30
1169 32
1169 47
1169 50
1169 72
1169 123
1169 128
1169 158
1169 226
1169 253
1169 354
1169 499
1169 766
1169 778
1170 50
1170 126
1171 49
1171 126
1172 9
1172 28
1172 76
1173 94
1173 202
1173 311
1173 572
1174 183
1175 128
1175 537
1175 770
1176 15
1176 83
1176 94
1176 294
1176 524
1176 526
1176 654
1176 692
1176 818
1176 880
1176 992
1176 1068
1176 1087
1177 66
1178 32
1178 37
1178 128
1179 23
1179 354
1180 174
1181 697
1182 49
1182 202
1182 283
1182 311
1182 880
1183 50
1183 83
1183 131
1183 354
1183 426
1183 1176
1184 4
1185 572
1185 770
1186 123
1186 128
1186 226
1186 441
1187 32
1187 91
1187 123
1188 9
1188 28
1189 195
1190 180
1190 197
1190 572
1191 32
1191 50
1191 72
1191 123
1191 128
1191 158
1191 171
1191 226
1191 253
1191 336
1191 354
1191 388
1191 504
1191 766
1191 778
1192 144
1193 197
1193 293
1194 37
1195 32
1195 109
1195 204
1195 354
1196 102
1196 226
1197 190
1198 7
1198 32
1198 45
1198 72
1198 123
1198 128
1198 158
1198 226
1198 354
1199 77
1199 136
1199 200
1200 9
1200 133
1201 94
1201 238
1202 72
1202 126
1203 9
1203 28
1204 133
1205 200
1206 45
1207 7
1207 32
1207 49
1207 212
1207 472
1208 32
1208 128
1208 158
1208 167
1208 354
1208 388
1208 499
1209 32
1209 50
1209 72
1209 123
1209 158
1209 226
1209 295
1209 354
1209 388
1209 504
1209 577
1209 778
1209 828
1210 7
1210 32
1210 56
1210 116
1210 128
1210 161
1210 238
1210 876
1210 877
1211 32
1211 128
1211 158
1211 253
1211 441
1211 876
1212 623
1213 72
1213 123
1213 128
1213 158
1213 171
1213 354
1214 7
1214 23
1214 32
1214 49
1214 123
1214 128
1214 212
1214 537
1214 577
1215 123
1216 197
1217 7
1217 32
1217 50
1217 70
1217 89
1217 116
1217 123
1217 128
1217 158
1217 180
1217 197
1217 388
1217 441
1218 136
1219 266
1220 502
1221 123
1222 32
1222 116
1222 128
1222 158
1222 295
1222 354
1222 447
1222 496
1223 7
1223 50
1224 123
1224 800
1225 123
1226 9
1226 79
1226 293
1227 15
1228 94
1229 37
1229 79
1230 23
1231 7
1231 89
1231 94
1231 202
1231 238
1231 283
1232 49
1232 202
1233 50
1233 197
1233 354
1234 126
1235 295
1236 91
1237 197
1237 623
1237 1176
1238 47
1238 77
1238 200
1238 212
1238 311
1238 472
1238 572
1238 770
1239 37
1239 66
1239 128
1239 293
1239 354
1239 504
1239 572
1240 800
1241 150
1242 32
1242 150
1242 204
1242 226
1242 354
1243 499
1244 397
1245 32
1245 50
1245 72
1245 123
1245 158
1245 354
1246 116
1246 128
1246 441
1247 447
1248 9
1248 28
1248 32
1248 89
1248 128
1248 158
1248 354
1248 441
1248 876
1248 906
1249 275
1249 1010
1250 89
1250 180
1251 32
1251 50
1251 72
1251 123
1251 128
1251 226
1251 334
1251 354
1251 494
1251 504
1251 766
1252 283
1253 391
1253 476
1254 50
1254 123
1254 158
1254 226
1254 354
1254 441
1254 828
1255 123
1255 354
1255 388
1255 494
1255 577
1256 102
1257 50
1257 123
1257 158
1257 226
1257 336
1257 354
1258 83
1258 150
1258 770
1259 293
1260 400
1261 308
1261 887
1261 1161
1262 30
1263 7
1263 49
1263 94
1263 212
1264 37
1265 333
1265 923
1265 1232
1266 0
1266 70
1266 136
1266 167
1266 174
1266 180
1266 283
1266 313
1266 583
1267 15
1267 123
1268 32
1268 50
1268 72
1268 123
1268 128
1268 226
1268 354
1269 9
1269 28
1270 49
1270 94
1270 200
1271 89
1271 212
1271 572
1272 11
1272 354
1273 167
1274 23
1275 311
1276 46
1276 57
1276 354
1276 606
1277 32
1277 50
1277 72
1277 123
1277 167
1277 354
1277 388
1278 47
1278 50
1278 226
1278 336
1279 89
1279 283
1279 311
1280 9
1280 28
1281 128
1281 537
1282 9
1282 133
1283 4
1284 136
1284 283
1285 150
1286 581
1287 770
1288 770
1289 316
1290 50
1290 197
1290 441
1291 623
1292 32
1292 49
1292 50
1292 123
1292 128
1292 150
1292 204
1292 311
1292 354
1292 504
1292 876
1293 7
1293 32
1293 128
1293 494
1294 354
1295 47
1295 73
1295 84
1295 149
1295 270
1295 319
1295 322
1295 368
1295 483
1295 505
1295 565
1295 664
1295 705
1295 807
1295 838
1295 900
1295 971
1295 997
1295 1018
1295 1029
1295 1126
1295 1164
1295 1169
1295 1183
1295 1222
1295 1248
1295 1255
1295 1257
1295 1292
1296 1295
1297 9
1297 72
1298 9
1298 49
1298 293
1299 116
1299 293
1300 123
1300 131
1300 245
1300 441
1301 32
1301 50
1301 72
1301 123
1301 128
1302 202
1303 537
1304 32
1304 50
1304 72
1304 204
1304 226
1304 336
1304 354
1304 504
1305 74
1306 283
1307 77
1307 154
1307 212
1307 572
1308 9
1308 133
1309 94
1309 283
1310 66
1310 109
1310 112
1310 174
1310 496
1311 123
1311 128
1311 354
1311 388
1311 447
1311 778
1312 89
1312 202
1312 283
1313 197
1314 83
1314 158
1314 311
1314 770
1315 89
1316 49
1316 94
1316 200
1317 94
1318 128
1318 202
1318 472
1318 504
1319 72
1319 91
1319 123
1319 128
1319 226
1319 253
1319 354
1320 49
1320 77
1320 158
1320 311
1320 354
1320 1276
1321 72
1321 623
1322 32
1322 50
1322 70
1322 102
1322 116
1322 123
1322 131
1322 171
1322 441
1323 23
1323 197
1323 441
1324 131
1324 311
1325 32
1325 128
1325 212
1326 37
1327 23
1327 116
1327 197
1327 441
1328 245
1328 572
1329 816
1330 94
1330 200
1331 67
1331 202
1333 1332
1334 136
1335 50
1335 197
1336 123
1336 226
1337 133
1338 293
1339 32
1339 128
1340 66
1340 70
1340 197
1341 150
1341 311
1342 11
1343 77
1343 112
1344 37
1344 89
1344 354
1345 261
1346 32
1346 72
1346 150
1346 200
1346 238
1346 504
1347 91
1347 200
1348 4
1349 32
1349 158
1349 309
1350 150
1351 89
1351 94
1351 238
1351 537
1352 197
1353 7
1353 49
1353 212
1353 283
1354 37
1355 32
1355 50
1355 72
1355 123
1355 128
1355 295
1355 354
1355 577
1355 1295
1356 150
1357 136
1358 283
1359 118
1360 32
1360 50
1360 72
1360 128
1360 158
1360 226
1360 354
1360 388
1360 876
1361 171
1362 197
1363 154
1364 499
1365 200
1365 537
1366 32
1366 83
1366 158
1366 171
1366 204
1366 354
1366 441
1367 466
1368 7
1368 32
1368 50
1368 72
1368 167
1368 354
1369 123
1369 202
1369 311
1370 23
1371 7
1371 50
1371 83
1371 123
1371 158
1371 167
1371 336
1371 354
1371 388
1371 499
1371 504
1372 7
1372 32
1372 128
1372 150
1372 494
1373 358
1374 47
1374 50
1374 388
1374 499
1374 778
1375 47
1376 283
1377 154
1377 311
1377 572
1378 7
1378 212
1378 472
1379 9
1379 28
1380 117
1380 355
1380 498
1380 654
1380 727
1380 1214
1381 174
1382 92
1382 93
1382 888
1382 1056
1382 1166
1383 128
1383 226
1384 32
1384 116
1384 128
1384 158
1384 226
1384 354
1384 876
1385 89
1386 49
1386 94
1387 32
1387 50
1387 72
1387 94
1387 128
1387 226
1387 311
1387 354
1387 1295
1388 9
1389 283
1390 57
1390 338
1390 712
1390 742
1390 744
1390 1063
1390 1328
1391 1295
1392 217
1393 72
1393 123
1393 441
1394 32
1394 72
1394 77
1394 89
1394 112
1394 283
1394 537
1395 72
1395 123
1395 128
1396 226
1396 334
1397 283
1398 9
1399 56
1399 102
1399 202
1400 89
1401 720
1402 23
1403 9
1403 28
1404 89
1405 94
1406 32
1406 94
1406 123
1406 128
1406 200
1407 537
1408 128
1408 309
1409 37
1410 32
1410 128
1410 354
1410 496
1411 1295
1412 70
1413 136
1413 311
1414 200
1414 283
1414 572
1415 311
1416 150
1417 202
1418 66
1419 7
1419 32
1419 158
1419 354
1419 472
1420 766
1421 9
1422 400
1423 131
1424 9
1424 37
1425 37
1426 537
1427 7
1427 32
1427 72
1427 128
1427 226
1428 283
1428 311
1428 504
1429 261
1430 9
1430 238
1430 496
1431 89
1431 136
1431 283
1432 49
1432 89
1432 94
1432 354
1433 94
1434 150
1435 89
1436 9
1436 37
1437 311
1438 9
1439 7
1439 32
1439 72
1439 123
1439 128
1439 158
1439 171
1439 354
1439 472
1439 494
1439 876
1440 123
1440 354
1441 89
1441 94
1441 283
1442 50
1442 72
1442 158
1442 167
1442 388
1443 11
1444 72
1444 74
1445 400
1445 816
1446 89
1447 202
1447 311
1448 131
1449 171
1450 72
1450 77
1450 89
1450 572
1451 116
1452 23
1452 118
1452 238
1452 283
1452 441
1453 89
1453 116
1453 283
1453 311
1453 354
1454 7
1454 123
1454 128
1454 158
1454 167
1454 354
1454 388
1455 238
1455 1300
1456 7
1456 83
1456 472
1457 187
1457 560
1458 74
1459 7
1459 50
1459 72
1459 128
1459 167
1459 336
1459 354
1459 358
1460 49
1460 94
1460 212
1461 906
1462 32
1462 123
1462 158
1462 204
1462 441
1463 7
1463 37
1463 72
1463 472
1464 32
1464 283
1465 11
1465 32
1465 50
1465 72
1465 123
1465 158
1465 388
1465 504
1466 9
1466 28
1466 136
1467 23
1467 68
1467 89
1468 128
1468 226
1468 283
1469 94
1469 283
1469 572
1470 266
1471 15
1472 1176
1473 37
1474 72
1474 128
1474 158
1474 336
1474 354
1474 494
1474 504
1475 72
1475 89
1475 158
1476 311
1477 4
1478 32
1478 50
1478 72
1478 158
1478 334
1478 354
1478 496
1479 131
1480 196
1480 352
1480 737
1480 1167
1481 469
1482 89
1483 123
1484 200
1485 200
1486 283
1487 9
1487 28
1488 1261
1489 193
1489 378
1489 701
1490 204
1491 4
1492 9
1492 37
1493 47
1494 630
1495 293
1496 11
1497 283
1498 94
1499 32
1499 123
1499 504
1500 118
1500 128
1501 94
1502 72
1502 158
1502 204
1502 226
1502 334
1502 354
1503 720
1504 1261
1505 4
1506 89
1507 32
1507 171
1507 354
1507 496
1509 354
1509 1508
1510 72
1510 336
1511 200
1512 37
1513 354
1513 494
1514 32
1514 158
1514 354
1514 494
1514 778
1515 749
1516 214
1516 269
1517 49
1517 72
1517 212
1518 116
1519 238
1520 91
1520 112
1520 167
1521 358
1522 32
1522 72
1522 167
1522 171
1522 354
1523 49
1523 283
1523 311
1524 37
1525 197
1526 7
1526 32
1526 89
1526 123
1527 388
1528 89
1529 283
1530 311
1531 128
1532 49
1532 123
1532 131
1532 504
1533 50
1533 123
1533 167
1533 354
1533 441
1534 89
1534 311
1535 634
1536 204
1537 283
1538 116
1539 7
1539 72
1539 128
1539 167
1539 354
1539 499
1540 9
1540 28
1541 7
1542 49
1542 123
1542 354
1542 876
1543 74
1544 204
1545 13
1545 30
1545 42
1545 47
1545 101
1545 189
1545 197
1545 225
1545 244
1545 281
1545 298
1545 300
1545 319
1545 322
1545 386
1545 415
1545 483
1545 512
1545 563
1545 604
1545 627
1545 639
1545 664
1545 694
1545 807
1545 815
1545 818
1545 833
1545 838
1545 890
1545 900
1545 922
1545 971
1545 1023
1545 1025
1545 1029
1545 1032
1545 1096
1545 1104
1545 1109
1545 1113
1545 1147
1545 1148
1545 1183
1545 1191
1545 1198
1545 1245
1545 1251
1545 1277
1545 1292
1545 1301
1545 1355
1545 1408
1545 1420
1545 1442
1545 1454
1545 1463
1545 1465
1546 32
1546 204
1547 441
1548 311
1549 311
1550 123
1550 128
1550 158
1550 226
1550 354
1551 9
1552 654
1553 37
1553 83
1554 496
1555 171
1556 766
1557 72
1557 123
1557 158
1557 283
1557 441
1557 1545
1558 28
1559 32
1559 72
1559 128
1559 158
1559 167
1559 388
1559 1545
1560 32
1560 572
1561 50
1561 72
1561 334
1561 354
1561 388
1562 28
1563 358
1564 50
1565 253
1566 9
1567 56
1567 128
1567 466
1567 876
1568 32
1568 128
1568 204
1568 354
1568 1295
1569 496
1570 32
1570 50
1570 116
1570 123
1570 158
1570 167
1570 226
1570 334
1570 354
1571 128
1571 197
1571 441
1571 466
1572 70
1573 499
1574 123
1574 128
1574 214
1575 89
1575 94
1576 32
1576 128
1576 204
1576 354
1577 311
1578 28
1579 9
1580 9
1581 204
1582 283
1583 32
1583 49
1583 94
1584 238
1585 94
1585 238
1585 572
1586 158
1586 197
1586 441
1587 94
1588 691
1588 1068
1589 1588
1590 977
1590 1111
1590 1133
1590 1209
1590 1251
1590 1463
1590 1514
1591 37
1592 9
1592 28
1593 89
1594 283
1595 50
1595 72
1595 499
1596 760
1597 180
1597 197
1597 202
1597 361
1598 89
1599 37
1600 9
1601 212
1602 283
1603 347
1604 466
1605 311
1606 83
1606 180
1607 123
1607 171
1607 336
1608 9
1608 37
1610 1609
1611 1332
1612 197
1612 354
1613 9
1614 283
1615 197
1615 226
1616 70
1617 311
1618 83
1618 311
1619 131
1620 223
1621 336
1622 511
1622 777
1623 226
1624 283
1625 37
1626 441
1627 72
1627 123
1627 128
1627 226
1628 494
1629 9
1629 28
1630 32
1630 72
1630 128
1630 253
1631 572
1632 7
1632 32
1632 123
1632 128
1632 167
1632 336
1632 354
1632 441
1633 283
1634 311
1635 9
1636 886
1637 123
1638 106
1638 225
1638 361
1638 386
1638 419
1638 599
1638 815
1638 977
1638 1032
1638 1088
1638 1292
1638 1304
1638 1371
1638 1419
1639 1574
1640 123
1640 128
1641 311
1642 9
1642 28
1643 123
1643 128
1643 226
1644 204
1644 354
1644 504
1645 32
1645 441
1646 338
1646 654
1646 712
1646 791
1646 845
1646 1059
1646 1161
1646 1359
1647 171
1648 9
1649 1147
1650 123
1650 158
1650 238
1650 354
1650 388
1651 400
1652 400
1653 89
1654 311
1655 28
1656 56
1657 89
1658 197
1659 123
1660 524
1660 1141
1661 116
1662 449
1662 526
1662 595
1662 599
1662 700
1662 971
1662 1154
1662 1169
1662 1311
1663 28
1663 121
1664 128
1664 1545
1665 38
1665 50
1665 61
1665 101
1665 121
1665 162
1665 163
1665 244
1665 266
1665 293
1665 294
1665 297
1665 319
1665 322
1665 378
1665 399
1665 412
1665 418
1665 425
1665 434
1665 436
1665 463
1665 485
1665 512
1665 533
1665 539
1665 563
1665 595
1665 599
1665 673
1665 675
1665 676
1665 687
1665 692
1665 700
1665 708
1665 733
1665 751
1665 764
1665 815
1665 838
1665 845
1665 849
1665 865
1665 925
1665 969
1665 977
1665 985
1665 997
1665 1023
1665 1025
1665 1029
1665 1032
1665 1061
1665 1086
1665 1096
1665 1119
1665 1124
1665 1154
1665 1169
1665 1183
1665 1191
1665 1251
1665 1255
1665 1257
1665 1351
1665 1387
1665 1440
1665 1452
1665 1454
1665 1478
1665 1542
1665 1559
1665 1607
1665 1650
1666 123
1666 167
1666 354
1667 283
1668 37
1669 37
1670 311
1671 9
1671 28
1672 72
1672 128
1672 354
1673 1147
1674 9
1675 283
1676 311
1677 9
1677 28
1678 572
1679 886
1680 32
1680 158
1681 32
1681 123
1682 572
1683 32
1683 50
1683 123
1683 128
1683 167
1683 441
1684 128
1684 158
1684 354
1685 283
1686 123
1687 28
1688 128
1688 158
1688 354
1688 876
1688 1545
1689 197
1690 32
1690 72
1690 128
1690 158
1690 167
1690 354
1690 504
1690 1665
1691 123
1692 123
1693 123
1693 354
1693 441
1694 28
1695 72
1695 499
1696 9
1697 72
1697 226
1698 37
1699 9
1700 123
1700 128
1700 158
1700 167
1701 9
1702 197
1703 400
1704 37
1705 37
1706 311
1707 9
1707 28
1708 441
1709 441
1710 32
1710 123
1711 28
1711 180
1712 49
1713 72
1713 197
1714 89
1715 94
1716 238
1717 197
1718 9
1719 226
1720 32
1720 50
1720 123
1720 167
1720 226
1720 336
1720 1545
1721 37
1722 37
1723 89
1724 504
1725 1646
1726 32
1726 128
1726 253
1726 354
1726 388
1726 1665
1727 7
1727 50
1728 89
1729 37
1730 37
1731 171
1732 441
1732 504
1733 94
1734 197
1735 89
1736 89
1736 158
1736 311
1737 123
1737 128
1738 197
1739 197
1740 311
1741 131
1742 238
1743 238
1744 9
1745 32
1745 128
1746 32
1746 123
1747 123
1748 123
1748 128
1748 226
1748 354
1749 311
1750 158
1750 494
1751 56
1751 158
1752 197
1753 238
1754 123
1755 9
1756 89
1757 131
1758 494
1759 197
1760 72
1760 123
1760 128
1761 50
1761 494
1762 72
1762 128
1762 354
1763 32
1763 50
1763 72
1763 128
1763 226
1763 354
1763 504
1763 1295
1764 197
1765 499
1766 32
1766 72
1766 128
1767 32
1767 123
1767 226
1767 336
1768 32
1768 72
1768 128
1768 226
1768 354
1769 9
1770 72
1770 226
1770 388
1771 32
1771 123
1771 158
1771 441
1772 876
1773 89
1774 89
1775 32
1775 116
1776 32
1776 72
1776 123
1776 128
1776 226
1776 388
1777 1590
1778 32
1778 50
1778 123
1778 158
1778 226
1778 441
1779 32
1779 388
1780 441
1781 9
1782 128
1783 123
1783 128
1784 32
1784 358
1785 89
1786 504
1787 56
1788 49
1789 128
1789 226
1789 354
1789 1665
1790 72
1791 72
1791 128
1791 354
1792 7
1792 83
1792 128
1793 72
1793 123
1794 876
1795 9
1796 15
1796 116
1796 133
1797 56
1797 123
1798 72
1798 354
1799 23
1799 441
1800 400
1801 49
1801 354
1802 49
1803 123
1804 32
1804 50
1804 72
1805 89
1806 7
1806 123
1806 128
1806 158
1806 354
1806 504
1807 56
1808 32
1808 128
1809 9
1810 89
1811 400
1812 72
1812 358
1812 388
1812 1665
1813 32
1813 504
1814 7
1814 72
1814 128
1814 167
1814 358
1815 32
1815 123
1815 128
1815 158
1816 56
1817 504
1818 32
1818 123
1818 158
1819 32
1819 128
1819 158
1819 1295
1820 123
1820 128
1821 238
1822 1295
1823 388
1824 49
1825 89
1826 49
1827 7
1828 89
1829 9
1830 7
1830 32
1830 72
1830 128
1830 1665
1831 49
1831 72
1832 89
1833 49
1833 72
1834 32
1834 123
1835 9
1836 89
1837 7
1837 32
1837 50
1837 123
1837 158
1837 167
1837 354
1837 1545
1838 89
1839 32
1840 89
1841 32
1841 72
1841 123
1841 1545
1842 116
1843 9
1844 50
1844 354
1845 32
1845 158
1845 167
1846 89
1847 49
1848 354
1849 128
1850 49
1851 32
1851 354
1852 9
1853 226
1854 9
1855 9
1856 32
1856 72
1856 128
1856 1545
1857 32
1857 123
1858 32
1858 50
1858 128
1858 167
1859 32
1860 7
1860 32
1860 128
1860 158
1860 354
1861 83
1862 123
1862 128
1862 441
1863 9
1864 50
1864 72
1865 9
1866 50
1867 441
1868 128
1868 441
1869 123
1870 49
1871 1295
1872 441
1873 123
1874 109
1874 504
1875 504
1876 128
1877 50
1877 128
1878 128
1879 32
1879 128
1880 128
1881 128
1882 128
1883 72
1883 128
1884 32
1884 128
1884 1545
1885 128
1885 354
1886 128
1887 72
1887 128
1887 354
1888 32
1888 128
1888 226
1889 128
1889 354
1890 72
1890 128
1890 1665
1891 72
1891 128
1892 128
1893 32
1893 72
1893 128
1893 158
1893 226
1894 72
1894 128
1894 1545
1895 128
1896 128
1897 128
1898 128
1899 128
1900 128
1901 128
1902 128
1903 128
1904 128
1905 128
1906 128
1907 128
1907 1665
1908 128
1909 128
1910 128
1911 32
1911 128
1912 32
1912 72
1912 128
1913 32
1913 128
1914 128
1915 32
1915 128
1915 1665
1916 32
1916 72
1916 128
1917 128
1918 128
1919 128
1920 128
1921 72
1921 128
1922 128
1923 102
1923 128
1923 161
1924 128
1925 128
1927 1926
1928 0
1928 68
1928 133
1928 136
1928 161
1928 174
1928 303
1928 351
1928 583
1928 1181
1928 1620
1928 1926
1929 76
1930 1495
1931 254
1932 37
1932 109
1932 254
1933 254
1934 254
1935 522
1936 145
1937 388
1938 7
1939 7
1940 7
1941 112
1941 174
1941 226
1941 499
1941 555
1942 220
1943 876
1944 202
1945 0
1946 0
1947 195
1948 343
1949 266
1949 295
1949 1147
1950 118
1951 180
1952 180
1953 590
1954 590
1955 303
1956 351
1957 351
1958 4
1959 4
1960 4
1961 4
1962 496
1963 496
1964 50
1964 226
1965 226
1966 226
1966 354
1967 821
1967 1620
1968 67
1969 123
1969 324
1970 158
1970 1665
1971 1665
1972 1665
1973 1665
1974 1665
1975 1665
1976 354
1976 1665
1977 1665
1978 1665
1979 1665
1980 1665
1981 253
1981 1665
1982 1665
1983 1665
1984 171
1985 50
1986 50
1987 50
1988 50
1989 49
1989 50
1989 311
1990 50
1990 116
1990 354
1991 50
1991 158
1991 354
1992 50
1993 50
1993 354
1994 50
1995 50
1996 50
1997 50
1998 50
1998 354
1999 50
2000 504
2001 504
2002 504
2002 1545
2003 74
2004 74
2005 74
2006 74
2006 135
2007 1295
2008 1295
2009 1157
2010 1157
2011 32
2012 32
2013 32
2013 72
2014 32
2015 32
2016 32
2017 32
2018 32
2018 72
2019 32
2020 32
2021 32
2021 72
2022 32
2023 32
2024 32
2025 32
2026 32
2026 354
2027 32
2028 32
2029 32
2030 32
2030 354
2031 32
2031 354
2032 32
2032 72
2033 32
2034 32
2035 32
2035 72
2035 354
2036 32
2037 32
2038 32
2039 32
2040 32
2041 32
2042 32
2043 32
2043 158
2044 32
2045 32
2046 32
2047 32
2048 32
2049 32
2050 32
2050 72
2051 32
2052 32
2053 32
2054 32
2054 361
2055 32
2055 72
2055 1545
2056 32
2056 72
2057 32
2058 32
2058 441
2058 1545
2059 32
2060 32
2061 32
2062 32
2063 70
2063 167
2063 311
2064 167
2066 293
2066 1077
2066 2065
2067 70
2067 154
2068 770
2069 770
2070 72
2071 72
2072 72
2073 72
2074 72
2075 72
2076 72
2077 72
2078 72
2079 72
2080 72
2080 532
2081 72
2081 354
2082 72
2083 72
2084 72
2084 83
2085 72
2086 72
2087 72
2088 72
2089 72
2090 72
2091 476
2092 476
2093 476
2094 1489
2095 880
2096 102
2096 334
2096 472
2097 89
2098 720
2099 68
2100 283
2101 283
2102 283
2103 441
2104 441
2105 441
2106 116
2107 116
2108 116
2109 116
2110 116
2111 116
2111 123
2112 116
2113 116
2114 154
2115 158
2116 158
2117 158
2118 158
2119 158
2119 354
2120 158
2121 158
2122 158
2123 158
2124 66
2125 66
2126 66
2126 778
2127 66
2128 66
2129 66
2130 66
2131 341
2132 94
2133 1622
2134 651
2135 651
2136 266
2137 266
2138 778
2139 37
2140 37
2141 345
2142 121
2143 121
2144 472
2145 499
2146 23
2147 23
2148 23
2149 112
2150 112
2151 112
2152 112
2153 447
2154 1155
2155 126
2156 1050
2157 34
2158 253
2159 311
2160 311
2161 311
2162 311
2163 311
2164 311
2165 102
2166 766
2167 271
2168 83
2169 83
2170 245
2171 1545
2172 354
2172 1545
2173 1545
2174 1545
2175 1545
2176 1545
2177 1545
2178 1942
2179 354
2180 354
2181 354
2182 354
2183 354
2184 354
2185 354
2186 354
2187 354
2188 354
2189 354
2190 354
2191 354
2192 354
2193 354
2194 354
2195 354
2196 354
2197 354
2198 354
2199 354
2200 354
2201 354
2202 354
2203 354
2204 354
2205 354
2206 354
2207 354
2208 123
2208 161
2209 1249
2210 261
2211 678
2212 123
2213 123
2214 123
2215 123
2216 123
2217 123
2218 123
2219 123
2220 123
2221 150
2222 150
2223 150
2224 9
2225 9
2226 9
2227 9
2228 9
2229 9
2230 9
2231 9
2232 9
2233 9
2234 9
2235 9
2236 9
2237 9
2238 9
